0
2
3
4
5
6
7
8
9
10
11
12
13
15
16
17
18
19
20
21
22
23
24
25
26
27
28
32
36
38
40
41
42
44
45
47
48
50
51
52
53
55
57
60
62
63
64
65
68
70
71
72
73
74
78
79
80
82
83
84
86
87
89
90
91
92
96
97
98
99
101
102
103
104
106
108
109
114
115
116
119
120
121
123
124
126
127
128
129
130
133
135
136
137
138
139
140
141
144
147
150
94
152
49
169
170
66
131
175
176
1
142
178
179
34
185
186
29
190
145
159
33
193
95
122
143
171
198
199
58
158
61
154
201
100
206
207
37
107
210
211
35
93
212
30
69
217
218
31
220
59
180
203
219
222
223
224
225
226
125
182
231
232
233
