76
105
151
75
155
157
160
161
162
163
168
67
112
172
173
174
56
164
177
14
181
184
148
183
187
188
189
43
191
54
192
118
165
194
195
196
197
146
166
46
117
200
111
113
153
202
204
110
208
88
214
216
85
134
149
156
77
167
132
213
221
39
205
209
227
228
229
230
81
215
234
235
236
237
238
239
240
241
242
243
244
245
246
247
248
249
250
251
252
253
254
255
256
257
258
259
260
261
262
263
264
265
266
267
268
269
270
271
272
273
274
275
276
277
278
279
280
281
282
283
284
285
286
287
288
289
290
291
292
293
294
295
296
297
298
299
