0
2
3
4
5
6
7
8
9
10
11
12
13
15
16
17
18
19
20
21
22
23
24
25
26
27
28
32
36
38
40
41
42
44
45
47
48
50
51
52
53
55
57
60
62
63
64
65
68
70
71
72
73
74
78
79
80
82
83
84
86
87
89
90
91
92
96
97
98
99
101
102
103
104
106
108
109
114
115
116
119
120
121
123
124
126
127
128
129
130
133
135
136
137
138
139
140
141
144
147
150
76
105
151
94
152
75
155
157
160
161
162
163
168
49
169
170
67
112
172
173
174
66
131
175
176
56
164
177
1
142
178
179
14
181
184
34
185
186
148
183
187
188
189
29
190
43
191
145
159
54
192
33
193
118
165
194
195
196
197
95
122
143
171
198
199
146
166
58
158
46
117
200
61
154
201
111
113
153
202
204
100
206
207
110
208
37
107
210
211
88
214
216
35
93
212
85
134
149
156
30
69
217
218
77
167
31
220
132
213
221
59
180
203
219
222
223
224
225
226
39
205
209
227
228
229
230
125
182
231
232
233
81
215
234
235
236
237
238
239
240
241
242
243
244
245
246
247
248
249
250
251
252
253
254
255
256
257
258
259
260
261
262
263
264
265
266
267
268
269
270
271
272
273
274
275
276
277
278
279
280
281
282
283
284
285
286
287
288
289
290
291
292
293
294
295
296
297
298
299
